47 95 930 ;
26 50 303 ;
72 61 293 ;
77 100 289 ;
65 89 47 ;
81 37 591 ;
16 90 853 ;
23 97 486 ;
96 20 62 ;
83 81 880 ;
33 4 639 ;
52 60 294 ;
63 94 151 ;
46 76 235 ;
10 5 73 ;
43 12 197 ;
72 3 438 ;
66 42 619 ;
24 99 95 ;
15 86 292 ;
82 30 134 ;
65 87 260 ;
88 79 938 ;
4 11 528 ;
81 62 558 ;
90 56 559 ;
69 49 210 ;
58 16 504 ;
81 32 697 ;
8 66 813 ;
67 98 702 ;
31 49 77 ;
98 61 876 ;
32 81 669 ;
50 83 397 ;
1 86 446 ;
69 80 648 ;
38 45 986 ;
61 93 965 ;
93 5 354 ;
18 37 770 ;
73 27 467 ;
81 29 722 ;
92 20 958 ;
22 11 737 ;
90 28 237 ;
98 28 659 ;
66 80 299 ;
60 74 230 ;
41 4 193 ;
85 66 360 ;
38 18 911 ;
55 70 502 ;
50 8 410 ;
41 19 33 ;
55 87 312 ;
59 37 200 ;
71 70 171 ;
49 24 103 ;
59 91 887 ;
49 23 596 ;
35 50 720 ;
89 32 831 ;
36 34 19 ;
22 99 725 ;
43 80 838 ;
84 72 112 ;
23 69 614 ;
38 99 73 ;
79 31 853 ;
29 59 254 ;
4 29 550 ;
16 58 658 ;
11 50 630 ;
55 86 810 ;
65 16 559 ;
37 3 127 ;
1 22 559 ;
5 46 343 ;
74 33 873 ;
43 18 669 ;
51 90 594 ;
31 15 157 ;
33 82 14 ;
88 45 767 ;
31 86 971 ;
5 3 387 ;
79 93 719 ;
99 56 838 ;
84 19 267 ;
83 38 797 ;
54 64 18 ;
49 50 899 ;
47 98 895 ;
86 31 422 ;
24 33 408 ;
44 87 106 ;
4 22 140 ;
79 71 147 ;
32 42 566 ;
