92 55 98 ;
56 92 93 ;
32 45 76 ;
11 77 92 ;
71 3 86 ;
29 63 31 ;
86 36 47 ;
94 69 60 ;
63 16 87 ;
32 2 61 ;
30 47 46 ;
25 76 74 ;
82 90 3 ;
99 72 48 ;
88 98 84 ;
3 38 22 ;
53 35 34 ;
76 44 59 ;
25 27 67 ;
52 85 98 ;
39 73 11 ;
69 70 35 ;
45 59 90 ;
47 99 19 ;
63 69 21 ;
0 30 14 ;
63 64 92 ;
86 5 53 ;
99 83 22 ;
99 72 61 ;
39 39 19 ;
67 43 45 ;
48 30 7 ;
83 6 31 ;
66 38 25 ;
32 1 74 ;
53 91 52 ;
99 75 29 ;
65 53 14 ;
36 29 74 ;
27 18 3 ;
38 58 85 ;
65 12 29 ;
29 83 22 ;
17 5 94 ;
20 0 26 ;
18 98 10 ;
17 25 94 ;
99 80 60 ;
42 23 55 ;
85 64 97 ;
31 24 62 ;
59 85 9 ;
76 40 40 ;
89 99 53 ;
42 40 53 ;
14 30 50 ;
26 52 65 ;
28 73 8 ;
50 42 3 ;
10 77 59 ;
57 91 39 ;
70 83 16 ;
15 84 81 ;
13 1 69 ;
23 52 84 ;
67 30 46 ;
77 37 40 ;
43 38 95 ;
0 51 48 ;
89 11 32 ;
73 15 16 ;
67 20 4 ;
59 65 24 ;
22 16 52 ;
42 5 18 ;
92 15 28 ;
46 78 88 ;
86 45 93 ;
28 62 6 ;
90 66 60 ;
81 2 27 ;
64 5 77 ;
94 84 37 ;
13 65 3 ;
51 41 26 ;
11 41 65 ;
96 75 98 ;
22 41 8 ;
44 60 24 ;
21 63 54 ;
11 17 28 ;
6 60 38 ;
23 14 86 ;
61 29 81 ;
3 50 25 ;
68 4 47 ;
7 6 10 ;
10 68 44 ;
62 33 62 ;
